625.377585
634.969841
644.130730
652.732741
661.675913
671.135238
679.058103
688.910106
697.495125
704.700022
713.346785
722.089241
730.713873
740.016450
749.644986
758.872977
766.951098
774.989262
783.660707
792.741968
801.181821
810.009846
819.426708
828.135001
837.158069
845.976159
855.673151
864.552332
874.193950
882.479549
891.143510
899.656479
908.201899
916.249490
925.050629
934.678760
943.462441
952.716427
961.155601
970.078509
979.089364
988.546945
997.818221
1005.665333
1014.431881
1023.796262
1032.207998
1040.705035
1048.812384
1057.746086
1066.259309
1074.547637
1084.009190
1093.621768
1102.947744
1112.015313
1121.772917
1130.554596
1139.988275
1148.699863
1157.949281
